Generación	Mejor_Fitness	Fitness_Promedio
0	-725171719644080640.00000000	-1000897763049690358419030016.00000000
1	-44466787433186472.00000000	-51295247325591286824566784.00000000
2	-44466787433186472.00000000	-87292685204051286032384.00000000
3	-137022224367.61572266	-920159825240453939200.00000000
4	-1907.42891949	-746564193376279936.00000000
5	-1907.42891949	-307524924289881216.00000000
6	-343.90647662	-27859211426920208.00000000
7	-343.90647662	-1481237492309535.00000000
8	-321.81790081	-4470295306853.42285156
9	-282.31520803	-755.17805892
10	-282.31520803	-481.99818914
11	-282.31520803	-423.40340327
12	-268.72657695	-307.73585887
13	-255.33406094	-294.62772300
14	-224.65485208	-274.09512019
15	-224.83481239	-256.51673774
16	-203.34446321	-241.83762576
17	-194.97601280	-227.54568463
18	-194.97601280	-216.32435983
19	-194.97601280	-204.13203826
20	-194.42360823	-199.53589773
21	-194.42360823	-196.99610202
22	-166.24803663	-189.90947268
23	-166.24803663	-183.43438504
24	-166.24803663	-213.53687384
25	-166.24803663	-177.51572088
26	-166.24803663	-173.67037438
27	-165.98112199	-169.33148244
28	-164.88002771	-168.51028674
29	-164.88002771	-166.10742452
30	-164.88002771	-166.74178189
31	-164.88002771	-165.71744143
32	-164.88002771	-165.44085371
33	-164.71938628	-165.37326877
34	-164.71938628	-165.06564944
35	-164.71938628	-164.88330074
36	-164.71938628	-164.83652079
37	-164.71938628	-164.77009865
38	-163.78651513	-164.69355899
39	-163.62969701	-164.54117993
40	-163.62969701	-164.19820901
41	-163.62969701	-163.99176737
42	-163.40794958	-164.85313213
43	-162.53594830	-163.47581739
44	-162.08067157	-163.39879516
45	-162.53594830	-163.32274730
46	-162.53594830	-163.12491205
47	-162.53594830	-162.87504712
48	-160.47219881	-162.40224519
49	-160.47219881	-162.17742370
50	-160.47219881	-161.36527355
51	-159.85834268	-160.82019131
52	-159.71158431	-160.72700325
53	-159.28580867	-160.35117318
54	-159.00970317	-160.01550326
55	-159.00970317	-159.57282936
56	-157.98564972	-159.23856998
57	-157.98564972	-167.70151944
58	-157.98564972	-158.68148140
59	-157.22224941	-158.51579090
60	-157.21203601	-157.99894270
61	-157.04757283	-157.84387331
62	-157.04757283	-157.71128585
63	-157.04757283	-157.46239979
64	-157.04757283	-157.23681450
65	-157.04757283	-157.13394606
66	-157.04757283	-157.16140615
67	-157.04757283	-157.07065538
68	-156.07200648	-156.99400069
69	-156.07200648	-157.14350190
70	-156.07200648	-156.73654005
71	-152.99481404	-156.33144909
72	-152.99481404	-156.01704118
73	-152.99481404	-155.73204074
74	-153.21171968	-155.69416835
75	-153.21081182	-155.05825779
76	-153.21081182	-154.73367534
77	-153.21081182	-156.10549383
78	-152.51145776	-154.68855336
79	-151.90226905	-154.27118659
80	-151.90226905	-152.77131837
81	-151.90226905	-152.43536941
82	-151.90226905	-152.05406619
83	-151.36852213	-151.88005330
84	-151.36852213	-151.92687886
85	-151.46003251	-151.80112593
86	-150.54326508	-151.53040161
87	-150.54326508	-151.24956978
88	-150.54326508	-151.16002336
89	-150.54326508	-150.96974205
90	-150.42203439	-150.82517075
91	-150.42203439	-150.75751966
92	-150.42203439	-150.55082192
93	-150.18450501	-150.40916303
94	-150.18450501	-150.37304750
95	-150.18450501	-150.31704336
96	-150.18450501	-150.27159911
97	-150.18450501	-150.20825795
98	-150.18450501	-150.18450501
99	-150.18450501	-150.19536236
100	-150.18450501	-150.21692806
101	-150.18450501	-150.18450501
102	-150.18450501	-150.18450501
103	-150.18450501	-150.20543785
104	-150.18450501	-150.84161498
105	-150.18450501	-150.18450501
106	-150.14041986	-150.18009650
107	-150.14041986	-150.17845936
108	-150.14041986	-150.22883805
109	-150.14041986	-150.17179138
110	-150.14041986	-150.17386574
111	-150.13294153	-150.60425869
112	-150.13294153	-150.17470595
113	-150.13294153	-150.18781471
114	-150.13294153	-150.17540048
115	-150.13294153	-150.18393875
116	-150.13294153	-150.17368170
117	-150.11796226	-150.19676424
118	-150.11796226	-150.21151052
119	-150.11796226	-150.29767330
120	-150.11438482	-150.17202078
121	-150.11438482	-150.17618586
122	-150.11438482	-150.17791579
123	-150.11438482	-150.17300086
124	-150.11438482	-150.16485671
125	-150.11438482	-150.17270677
126	-150.11438482	-150.17573030
127	-150.11438482	-150.17339296
128	-150.11438482	-150.30589124
129	-150.11438482	-150.16701970
130	-150.11438482	-151.67952029
131	-150.11438482	-150.17618586
132	-150.17994942	-150.59547022
133	-150.17855240	-150.17986844
134	-150.17855240	-150.18011342
135	-150.17855240	-150.18006686
136	-150.17855240	-150.18011342
137	-150.17855240	-150.18026528
138	-150.14653089	-150.17889419
139	-150.14653089	-150.17758182
140	-150.14653089	-150.17929103
141	-150.17994942	-150.18025313
142	-150.17994942	-150.18388140
143	-150.17994942	-150.18388140
144	-150.17994942	-150.17994942
145	-150.17994942	-150.17994942
146	-150.17994942	-150.17994942
147	-150.17994942	-150.18865560
148	-150.17994942	-150.19600623
149	-150.12334386	-150.17806257
150	-150.12334386	-150.17806257
151	-150.12334386	-150.32925735
152	-150.12334386	-150.16776495
153	-150.12334386	-150.17071000
154	-150.12378218	-150.17807718
155	-150.12378218	-150.17693016
156	-150.17994942	-150.18101239
157	-150.17994942	-150.18010127
158	-150.17994942	-150.18010127
159	-150.17994942	-150.17994942
160	-150.17994942	-150.17994942
161	-150.11147239	-150.16853658
162	-150.11147239	-150.16868844
163	-150.11147239	-151.62017953
164	-150.11147239	-150.17779726
165	-150.10830572	-150.16339027
166	-150.10830572	-150.17308876
167	-150.10830572	-150.17298756
168	-150.10830572	-150.17756130
169	-150.10830572	-150.16568948
170	-150.10830572	-150.17137086
171	-150.17994942	-150.19888771
172	-150.17994942	-150.17994942
173	-150.13576861	-150.17847673
174	-150.13576861	-150.17405865
175	-150.10833775	-150.17019890
176	-150.10833775	-150.16923221
177	-150.10833775	-150.17578272
178	-150.10833775	-150.23128880
179	-150.10833775	-150.17281542
180	-150.10833775	-150.18031183
181	-150.12213476	-150.17832597
182	-150.12213476	-150.17431981
183	-150.12213476	-150.17817412
184	-150.17994942	-150.17994942
185	-150.11658785	-150.17572532
186	-150.11658785	-150.17587717
187	-150.11658785	-150.17572532
188	-150.11658785	-150.19123671
189	-150.11658785	-150.17150121
190	-150.11658785	-150.17572532
191	-150.11658785	-150.17150121
192	-150.10841709	-150.16884444
193	-150.10841709	-150.22897346
194	-150.17994942	-150.28681420
195	-150.17994942	-150.23378398
196	-150.12569906	-150.18589713
197	-150.12569906	-150.17676585
198	-150.12569906	-150.17179922
199	-150.12569906	-150.17090769
200	-150.12569906	-150.17633273
201	-150.12569906	-150.36457186
202	-150.12569906	-150.18513027
203	-150.12569906	-150.17090769
204	-150.12569906	-150.22294808
205	-150.12569906	-151.08919561
206	-150.12569906	-150.17860822
207	-150.17994942	-150.18368800
208	-150.17994942	-150.17994942
209	-150.17994942	-150.17994942
210	-150.10829479	-150.17756093
211	-150.17994942	-150.18010127
212	-150.17994942	-151.05080018
213	-150.17994942	-150.57508160
214	-150.17994942	-150.17994942
215	-150.17994942	-150.17994942
216	-150.17994942	-150.17994942
217	-150.17994942	-150.19600623
218	-150.12971186	-150.17492567
219	-150.12971186	-150.17827484
220	-150.12971186	-151.73358936
221	-150.12971186	-150.87047109
222	-150.12971186	-150.17325108
223	-150.12971186	-150.17842669
224	-150.12971186	-150.17614373
225	-150.12971186	-150.17660025
226	-150.12971186	-150.17325108
227	-150.12971186	-150.16796445
228	-150.12971186	-150.21060514
229	-150.12971186	-150.23231724
230	-150.12971186	-150.17796693
231	-150.12971186	-150.19012934
232	-150.12971186	-150.18546950
233	-150.12623972	-150.18678008
234	-150.12623972	-150.17636877
235	-150.12623972	-150.18604295
236	-150.12623972	-150.17462729
237	-150.12623972	-150.17672011
238	-150.12623972	-150.17278813
239	-150.12623972	-150.17392751
240	-150.12623972	-150.22144971
241	-150.12623972	-150.17636877
242	-150.12623972	-150.17815910
243	-150.17994942	-150.36344846
244	-150.17994942	-150.35471427
245	-150.17994942	-150.17994942
246	-150.17994942	-150.17994942
247	-150.17994942	-150.18388793
248	-150.12502104	-150.17334439
249	-150.12502104	-150.17445658
250	-150.12502104	-150.17277749
251	-150.12502104	-150.57952116
252	-150.12502104	-150.17445658
253	-150.12502104	-150.18731819
254	-150.12502104	-150.20750390
255	-150.12502104	-150.17688139
256	-150.12502104	-150.19097502
257	-150.12502104	-150.17811848
258	-150.12502104	-150.17262564
259	-150.17994942	-150.19746318
260	-150.17994942	-150.19971478
261	-150.17994942	-150.18010127
262	-150.12515862	-150.25268807
263	-150.12515862	-150.49658524
264	-150.17994942	-150.50023796
265	-150.17994942	-150.17994942
266	-150.17994942	-150.17994942
267	-150.16041182	-150.17864691
268	-150.11062646	-150.17272288
269	-150.11062646	-150.16760195
270	-150.11062646	-150.53869978
271	-150.11062646	-150.17563160
272	-150.11062646	-150.18408334
273	-150.11062646	-150.17316898
274	-150.11062646	-150.17316898
275	-150.17994942	-150.17994942
276	-150.17994942	-150.17994942
277	-150.17994942	-150.17994942
278	-150.17994942	-150.17994942
279	-150.17994942	-150.47743754
280	-150.17994942	-150.20241381
281	-150.17994942	-150.17994942
282	-150.11108724	-150.18124324
283	-150.11108724	-150.17894783
284	-150.11108724	-150.17076780
285	-150.11108724	-150.16847239
286	-150.11108724	-150.17765402
287	-150.11108724	-150.32811258
288	-150.17994942	-150.26035504
289	-150.17994942	-150.17994942
290	-150.17994942	-150.17994942
291	-150.17994942	-150.18346550
292	-150.11537390	-150.17564439
293	-150.11537390	-150.18813179
294	-150.17994942	-150.18418511
295	-150.14714779	-150.22910815
296	-150.14714779	-150.17885603
297	-150.10906552	-150.18560324
298	-150.17994942	-150.18010127
299	-150.17994942	-150.17994942
300	-150.11288412	-150.17771391
301	-150.11288412	-150.17547840
302	-150.11288412	-150.17571968
303	-150.11288412	-150.56771728
304	-150.11288412	-150.17547840
305	-150.11288412	-159.45367189
306	-150.10850220	-150.20466726
307	-150.10850220	-150.17518627
308	-150.10850220	-150.17756785
309	-150.10850220	-150.17057498
310	-150.10850220	-150.20450662
311	-150.10850220	-150.17771970
312	-150.10850220	-150.17756785
313	-150.10850220	-150.19440745
314	-150.10850220	-150.19689756
315	-150.10850220	-150.19423207
316	-150.10850220	-150.17072683
317	-150.10850220	-150.17864448
318	-150.10850220	-150.17072683
319	-150.17994942	-150.18010127
320	-150.17994942	-150.17994942
321	-150.11777724	-150.57027900
322	-150.17994942	-150.17994942
323	-150.17994942	-150.17994942
324	-150.11277923	-150.17771041
325	-150.11277923	-150.17771041
326	-150.11277923	-150.17771041
327	-150.11277923	-150.17771041
328	-150.11277923	-150.19251088
329	-150.11277923	-150.17099340
330	-150.11277923	-150.17771041
331	-150.11277923	-150.17771041
332	-150.11277923	-150.75359386
333	-150.11277923	-150.17099340
334	-150.11277923	-150.22212378
335	-150.11277923	-150.20559347
336	-150.10829659	-150.17308298
337	-150.17994942	-150.17994942
338	-150.17994942	-150.21322911
339	-150.17994942	-150.17994942
340	-150.17994942	-150.20230339
341	-150.17994942	-150.20896915
342	-150.17994942	-150.22107796
343	-150.17994942	-150.21300846
344	-150.17994942	-150.17994942
345	-150.17994942	-150.17994942
346	-150.17994942	-150.17994942
347	-150.17994942	-150.17994942
348	-150.17994942	-150.17994942
349	-150.17994942	-150.17994942
350	-150.17994942	-150.17994942
351	-150.17345799	-150.17951666
352	-150.12151652	-150.16696455
353	-150.12151652	-150.17491469
354	-150.11038319	-150.18098854
355	-150.17994942	-150.33451378
356	-150.17994942	-150.61249706
357	-150.17994942	-150.69117015
358	-150.17994942	-150.17994942
359	-150.17994942	-150.18866518
360	-150.17994942	-150.17994942
361	-150.17994942	-150.83110483
362	-150.17994942	-150.17994942
363	-150.17994942	-150.21435049
364	-150.17994942	-150.20016335
365	-150.17994942	-151.62713560
366	-150.12373152	-150.17620156
367	-150.17994942	-150.18290445
368	-150.17994942	-150.18010127
369	-150.10899553	-150.17285403
370	-150.10899553	-151.14581608
371	-150.10899553	-150.17758429
372	-150.10899553	-150.19537629
373	-150.10899553	-150.23257866
374	-150.10899553	-150.24066474
375	-150.10899553	-150.17758429
376	-150.10899553	-150.17521916
377	-150.10899553	-150.17285403
378	-150.10899553	-150.18650176
379	-150.10899553	-150.17758429
380	-150.10899553	-150.16578963
381	-150.10930544	-150.18803505
382	-150.17994942	-151.02552675
383	-150.17994942	-150.19576159
384	-150.17994942	-150.22347062
385	-150.17994942	-150.18345828
386	-150.13064702	-150.17597648
387	-150.13064702	-150.18288314
388	-150.13064702	-150.76397394
389	-150.13064702	-150.70162104
390	-150.13064702	-150.18943258
391	-150.13064702	-150.17517103
392	-150.17994942	-150.19630994
393	-150.17994942	-150.17994942
394	-150.17994942	-150.18373846
395	-150.16562715	-150.40826057
396	-150.16562715	-150.17947201
397	-150.16562715	-150.17803979
398	-150.16562715	-150.17947201
399	-150.11322836	-150.17724798
400	-150.11322836	-150.16660521
401	-150.11322836	-150.17802909
402	-150.11322836	-150.56686323
403	-150.11322836	-151.51031690
404	-150.11322836	-150.79057581
405	-150.11322836	-150.40369445
406	-150.11322836	-150.17198005
407	-150.11322836	-150.17327731
408	-150.11322836	-150.21570438
409	-150.11322836	-150.17595691
410	-150.11322836	-150.17433829
411	-150.11322836	-150.17342917
412	-150.11322836	-150.18972129
413	-150.11322836	-150.17550135
414	-150.11322836	-150.16660521
