Generación	Mejor_Fitness	Fitness_Promedio
0	-443490130911334.93750000	-18111642859948999085496729600.00000000
1	-231321876743618.03125000	-693525587090879449797754880.00000000
2	-231321876743590.18750000	-3527106028284223684608.00000000
3	-374.95134325	-519630028061905387520.00000000
4	-276.60495421	-49900812211588.46093750
5	-276.60495421	-56521994068.09948730
6	-276.60495421	-1511642694.68615270
7	-233.19860379	-84247.93810276
8	-233.19860379	-282.45250218
9	-233.19860379	-256.27474812
10	-233.19860379	-247.99598534
11	-212.89934136	-241.10041415
12	-204.85650617	-229.41270411
13	-188.68739488	-214.60274815
14	-188.57730299	-209.04105269
15	-188.34824544	-201.38369012
16	-174.80262143	-191.16569867
17	-173.60928865	-186.30054926
18	-173.60928865	-185.84332561
19	-173.60928865	-187.03295761
20	-173.60928865	-181.97192724
21	-173.49496652	-180.41917725
22	-168.18416823	-179.40604337
23	-166.48353129	-174.49086761
24	-166.48353129	-172.29635332
25	-166.48353129	-169.94343782
26	-166.48353129	-169.30012351
27	-165.27305815	-167.45993142
28	-164.46264885	-167.09880381
29	-164.46264885	-166.27812527
30	-164.46264885	-165.71507049
31	-164.46264885	-164.90664603
32	-159.33398673	-163.67266114
33	-159.33398673	-162.64387218
34	-158.95563761	-161.83737448
35	-159.18208638	-162.13241344
36	-159.18208638	-159.95289148
37	-156.70853219	-159.77243287
38	-154.12738341	-160.00621412
39	-154.12738341	-158.19254902
40	-154.12738341	-156.02473729
41	-153.73606228	-155.47698113
42	-153.08165515	-154.89059510
43	-153.08165515	-153.67254706
44	-153.02026467	-154.72472907
45	-153.02026467	-153.16450138
46	-152.75747519	-153.04488134
47	-152.75747519	-153.01145460
48	-152.74518174	-152.95993507
49	-152.74518174	-152.93348577
50	-152.44570926	-152.73433821
51	-151.94703650	-152.61789095
52	-151.94703650	-152.54652603
53	-151.94703650	-152.45399374
54	-151.85546057	-153.58970944
55	-151.85546057	-152.57881973
56	-151.57529082	-152.11032690
57	-151.57529082	-152.03252605
58	-151.42723465	-151.74133958
59	-151.42723465	-151.67695608
60	-151.30412516	-152.48401283
61	-151.30412516	-151.68028707
62	-151.30412516	-151.54276275
63	-151.30412516	-151.45643987
64	-150.29790888	-151.28084715
65	-150.29790888	-151.06733958
66	-150.29790888	-151.15841886
67	-150.17994942	-152.48816177
68	-150.17994942	-150.60004623
69	-150.17994942	-150.63165656
70	-150.17994942	-150.51833471
71	-150.17994942	-150.21594467
72	-150.17994942	-150.20036860
73	-150.11761969	-151.41236311
74	-150.11761969	-151.46937159
75	-150.10914828	-150.18717529
76	-150.11761969	-150.41045754
77	-150.11761969	-150.64722932
78	-150.11761969	-151.79438603
79	-150.11761969	-150.20380880
80	-150.17994942	-150.18847448
81	-150.17994942	-150.18732821
82	-150.17994942	-150.62061529
83	-150.11965618	-150.34932428
84	-150.11965618	-150.19309332
85	-150.11965618	-150.21259834
86	-150.11965618	-150.32635406
87	-150.11965618	-152.43795966
88	-150.11034107	-151.32396614
89	-150.11034107	-151.01741874
90	-150.11034107	-150.24985056
91	-150.11034107	-150.20598148
92	-150.11034107	-151.28695593
93	-150.11034107	-153.55069590
94	-150.11034107	-151.32756437
95	-150.11034107	-151.32011734
96	-150.11034107	-150.18847769
97	-150.12445957	-150.49396158
98	-150.12445957	-150.86489161
99	-150.12445957	-150.59365194
100	-150.12445957	-151.08333672
101	-150.17994942	-150.79597806
102	-150.15946131	-151.47468230
103	-150.15946131	-150.25493570
104	-150.14344496	-150.45436372
105	-150.14344496	-150.32526562
106	-150.12051928	-150.85740057
107	-150.12051928	-150.19641746
108	-150.12051928	-150.19669067
109	-150.12051928	-150.17869765
110	-150.12051928	-150.74238164
111	-150.12051928	-150.99047643
112	-150.12051928	-160.54550623
113	-150.12051928	-151.01354169
114	-150.12051928	-150.36450094
115	-150.12013608	-150.91500432
116	-150.12013608	-150.87435832
117	-150.12013608	-150.39017508
118	-150.12013608	-150.24285242
119	-150.12013608	-150.18736944
120	-150.12013608	-150.18133254
121	-150.12013608	-152.39886218
122	-150.17994942	-150.88699799
123	-150.17994942	-150.22881333
124	-150.17994942	-150.22320793
125	-150.13252664	-150.29036577
126	-150.11849768	-150.98659078
127	-150.11849768	-152.20047834
128	-150.11849768	-150.71640667
129	-150.11849768	-151.97476645
130	-150.11849768	-153.17970759
131	-150.11849768	-151.24979328
132	-150.11849768	-150.65038638
133	-150.11849768	-150.22595918
134	-150.17994942	-151.42674208
135	-150.17994942	-150.28370112
136	-150.17994942	-150.24151047
137	-150.11055765	-150.32117281
138	-150.17994942	-150.67505566
139	-150.17994942	-150.60931136
140	-150.17994942	-150.17994942
141	-150.17994942	-150.17994942
142	-150.13351182	-150.27139055
143	-150.17994942	-150.19975364
144	-150.17994942	-150.92616951
145	-150.17994942	-150.43032817
146	-150.13314357	-150.18232121
147	-150.13314357	-150.85237947
148	-150.13314357	-153.03042884
149	-150.13314357	-150.29002639
150	-150.13314357	-150.38935404
151	-150.12134167	-150.22268888
152	-150.12134167	-150.61509464
153	-150.12134167	-150.29002867
154	-150.10925992	-150.26128315
155	-150.10925992	-151.87301213
156	-150.10925992	-150.20066719
157	-150.10925992	-152.41994999
158	-150.10925992	-150.98706545
159	-150.10925992	-150.17496436
160	-150.10925992	-150.29392088
161	-150.10925992	-150.19972690
162	-150.10925992	-151.08542558
163	-150.10925992	-154.30695649
164	-150.10925992	-151.94180229
165	-150.10925992	-150.69260552
166	-150.10925992	-150.17895978
167	-150.10925992	-151.37058332
168	-150.10925992	-150.59395769
169	-150.17994942	-150.18025313
170	-150.17994942	-154.29877069
171	-150.17994942	-151.92558029
172	-150.17994942	-150.22603152
173	-150.17994942	-150.25379230
174	-150.17994942	-151.05690826
175	-150.17994942	-150.29032752
176	-150.17994942	-150.27011359
177	-150.17994942	-150.20409533
178	-150.15710226	-150.19787863
179	-150.15368441	-150.19266569
180	-150.17994942	-150.18010127
181	-150.17994942	-150.17994942
182	-150.17994942	-150.26428839
183	-150.17994942	-150.23808950
184	-150.13809083	-150.39978567
185	-150.13809083	-150.63617964
186	-150.13809083	-150.34890272
187	-150.12398760	-150.23580090
188	-150.12398760	-150.29250184
189	-150.12006725	-150.43403886
190	-150.12006725	-150.17072832
191	-150.12006725	-150.21106689
192	-150.12006725	-169.76946929
193	-150.12006725	-151.94910739
194	-150.12006725	-151.62470490
195	-150.12006725	-151.32865092
196	-150.12006725	-150.18028828
197	-150.11032478	-150.21838413
198	-150.11032478	-189.34598450
199	-150.11032478	-151.88426008
200	-150.17994942	-151.05309954
201	-150.17994942	-160.23117541
202	-150.17994942	-151.33067337
203	-150.17994942	-150.32921972
204	-150.17994942	-150.21544462
205	-150.17994942	-151.08405156
206	-150.17994942	-151.44818324
207	-150.17994942	-151.83752910
208	-150.13274242	-151.34382648
209	-150.13274242	-150.64842116
210	-150.13274242	-150.33113348
211	-150.13274242	-150.99605731
212	-150.13274242	-150.21478667
213	-150.11484870	-150.31004075
214	-150.11484870	-150.30989731
215	-150.11484870	-153.47562234
216	-150.11484870	-150.30272662
217	-150.11484870	-152.09310998
218	-150.17994942	-152.11566048
219	-150.11127276	-151.18850072
220	-150.11127276	-150.16284391
221	-150.11127276	-150.17598260
222	-150.11127276	-150.32417206
223	-150.11127276	-150.31806222
224	-150.11127276	-150.16926258
225	-150.11116391	-151.07894973
226	-150.11116391	-150.60435239
227	-150.11116391	-150.57452936
228	-150.11116391	-150.17430306
229	-150.11116391	-150.17796028
230	-150.11116391	-150.26139636
231	-150.11116391	-150.22944895
232	-150.11116391	-150.17108173
233	-150.11116391	-150.17055899
234	-150.17994942	-150.18131610
235	-150.17994942	-150.20706084
236	-150.12910942	-150.23296934
237	-150.17994942	-151.46182909
238	-150.17994942	-150.49394273
239	-150.14401995	-150.33366774
240	-150.10971305	-150.32187028
241	-150.10971305	-150.17640124
242	-150.10971305	-150.86126585
243	-150.10971305	-150.62702087
244	-150.17994942	-151.15725556
245	-150.14608533	-151.85190926
246	-150.14608533	-150.68160896
247	-150.11033165	-150.37508673
248	-150.11033165	-151.68506835
249	-150.17994942	-150.74739462
250	-150.17994942	-150.21417216
251	-150.17994942	-150.25036621
252	-150.17994942	-150.19578471
253	-150.17994942	-150.19277707
254	-150.17994942	-150.23169672
255	-150.17994942	-153.79661908
256	-150.17994942	-150.79831885
257	-150.17994942	-150.20253785
258	-150.17994942	-150.17994942
259	-150.11889728	-150.27422944
260	-150.11889728	-150.21345383
261	-150.17994942	-151.45008401
262	-150.10898952	-150.44838515
263	-150.10898952	-150.17458960
264	-150.10898952	-150.96481509
265	-150.10898952	-206.24503600
266	-150.10898952	-150.17582617
267	-150.10898952	-150.36965062
268	-150.10898952	-150.30247379
269	-150.10898952	-1199.81343296
270	-150.10898952	-150.21899395
271	-150.10898952	-150.65519369
272	-150.10898952	-150.17337426
273	-150.10898952	-150.17285343
274	-150.17994942	-150.24946652
275	-150.17994942	-150.23423630
276	-150.14830425	-150.26173889
277	-150.17994942	-150.37459823
278	-150.17994942	-150.29659930
279	-150.13666057	-150.21012796
280	-150.13810409	-150.21032793
281	-150.13810409	-150.24467146
282	-150.13810409	-150.88924176
283	-150.13810409	-178.78250010
284	-150.11052960	-150.20919911
285	-150.11052960	-150.23887740
286	-150.11052960	-150.22515583
287	-150.11052960	-150.24388874
288	-150.17994942	-151.21750498
289	-150.12169549	-150.17218223
290	-150.12169549	-150.17606583
291	-150.12169549	-150.30443527
292	-150.12169549	-150.95969049
293	-150.12169549	-151.55826114
294	-150.17994942	-150.19542561
295	-150.10832212	-150.17131540
296	-150.10832212	-152.00014309
297	-150.10832212	-150.18387588
298	-150.10832212	-150.21588038
299	-150.10832212	-151.29905266
300	-150.10832212	-150.18003206
301	-150.10832212	-150.22239925
302	-150.10832212	-150.23968445
303	-150.10832212	-150.15825640
304	-150.10832212	-150.23694075
305	-150.10832212	-150.17115838
306	-150.10832212	-151.01375239
307	-150.10832212	-151.37137061
308	-150.10832212	-150.17771370
309	-150.10829885	-150.24648196
310	-150.10829885	-150.26209097
311	-150.10829885	-150.25823369
312	-150.10829885	-150.21751976
313	-150.10829885	-150.18905976
314	-150.10829885	-150.17069972
315	-150.10829885	-150.48662043
316	-150.10829885	-150.38936563
317	-150.10829885	-150.74540158
318	-150.10829885	-150.17999072
319	-150.10829885	-150.16794412
320	-150.10829885	-150.17369548
321	-150.10829885	-150.17939185
322	-150.10829885	-150.18858162
323	-150.10829885	-150.27103300
324	-150.10829885	-150.20231387
