Generación	Mejor_Fitness	Fitness_Promedio
0	-347.05482701	-88684061909695819433906274304.00000000
1	-347.05482701	-97603096660604022840885248.00000000
2	-347.05482701	-909557104695973087543296.00000000
3	-321.04647249	-532530384781024952320.00000000
4	-321.04647249	-1915083605576523264.00000000
5	-321.04647249	-333.20451549
6	-321.04647249	-326.90498309
7	-314.34624219	-323.59300902
8	-314.34624219	-320.52512031
9	-314.34624219	-318.45611222
10	-262.56586543	-311.68562756
11	-244.17291435	-303.39148086
12	-244.17291435	-290.61821954
13	-244.17291435	-278.73133782
14	-244.17291435	-261.80189455
15	-204.88406397	-247.90105458
16	-204.88406397	-236.01404916
17	-204.88406397	-225.56501201
18	-204.01980210	-220.21797221
19	-203.75228354	-211.14420670
20	-203.75228354	-206.49336652
21	-203.28696026	-203.88037284
22	-203.28696026	-203.68170104
23	-203.28696026	-204.30020835
24	-203.28696026	-203.40019211
25	-191.74668047	-202.90228426
26	-191.74668047	-200.15178104
27	-191.47972413	-199.62554950
28	-191.47972413	-197.50469140
29	-191.47972413	-194.21232710
30	-191.47972413	-193.18160336
31	-191.47972413	-192.20479093
32	-191.47972413	-191.79434364
33	-191.47972413	-191.48862267
34	-191.47972413	-191.47972413
35	-191.47972413	-191.47972413
36	-191.47972413	-191.47972413
37	-191.34456799	-191.47521893
38	-191.34456799	-191.45719811
39	-191.34456799	-192.05348598
40	-191.26095093	-191.42737964
41	-191.26095093	-191.39026874
42	-191.26095093	-191.37847110
43	-190.35585587	-191.20042731
44	-190.35585587	-190.94164928
45	-187.12277459	-190.56358053
46	-187.12277459	-189.69845543
47	-187.12277459	-188.82195528
48	-185.51282143	-188.02272015
49	-185.51282143	-187.55518534
50	-185.51282143	-186.79706530
51	-183.67785327	-185.93490486
52	-183.67785327	-185.21172624
53	-183.67785327	-184.37489200
54	-183.51853993	-184.49741890
55	-183.51853993	-183.80052656
56	-183.51853993	-183.69613815
57	-183.51853993	-183.59819660
58	-182.34710988	-183.42835054
59	-182.34710988	-183.23868801
60	-182.34710988	-183.02069702
61	-181.70493243	-182.64648936
62	-181.70493243	-182.32093703
63	-181.70493243	-181.98919835
64	-181.70493243	-181.80608651
65	-179.99079155	-181.90029085
66	-179.99079155	-181.47638031
67	-179.99079155	-181.30496622
68	-179.80936404	-180.97531419
69	-179.80936404	-180.50169601
70	-179.80936404	-179.97773111
71	-178.69375040	-179.72770335
72	-178.69375040	-179.47511694
73	-178.69375040	-179.14086984
74	-177.35597046	-178.88393206
75	-177.35597046	-178.45172544
76	-177.35597046	-178.10831984
77	-177.20765360	-177.87655950
78	-177.20765360	-177.63225682
79	-176.69308861	-177.48094663
80	-176.54540517	-177.22165282
81	-176.54540517	-177.01384530
82	-176.54540517	-176.87890971
83	-176.48616701	-176.66861587
84	-176.25698924	-176.54799323
85	-176.25698924	-176.82694041
86	-176.25698924	-176.49715247
87	-176.25698924	-176.38477323
88	-173.65327884	-176.07830748
89	-173.65327884	-175.67646059
90	-173.65327884	-174.89386373
91	-173.41398528	-174.61161230
92	-173.41398528	-173.89150646
93	-173.19518977	-173.64725380
94	-173.19518977	-173.42132285
95	-173.19518977	-173.27390991
96	-173.19518977	-173.24108782
97	-173.19518977	-173.22178539
98	-173.19518977	-173.19990584
99	-173.19518977	-173.19518977
100	-156.61987490	-172.09016878
101	-156.61987490	-169.35054824
102	-156.61987490	-165.41474900
103	-156.61987490	-164.27513549
104	-156.61987490	-160.98071403
105	-156.61987490	-156.61987490
106	-156.61987490	-156.61987490
107	-156.61987490	-156.61987490
108	-156.61987490	-156.61987490
109	-156.61987490	-158.00086491
110	-156.61987490	-156.61987490
111	-156.55563929	-156.61773372
112	-156.55563929	-156.61559253
113	-155.59507596	-156.50454789
114	-155.59507596	-156.36362565
115	-155.59507596	-156.19068464
116	-153.62121279	-155.72896666
117	-153.62121279	-154.99155181
118	-153.62121279	-154.65915848
119	-152.75993649	-153.80345993
120	-152.75993649	-153.26698838
121	-151.75580485	-153.09867809
122	-151.75580485	-152.73569800
123	-151.74931342	-152.44640786
124	-151.74931342	-152.15795451
125	-151.70738205	-151.79126792
126	-151.70738205	-151.77525004
127	-151.20682576	-151.71910831
128	-151.20682576	-151.63117210
129	-151.20682576	-151.40934035
130	-151.17172057	-153.06134591
131	-151.17172057	-151.27737991
132	-151.17172057	-151.20983271
133	-151.17172057	-151.17289074
134	-151.10673917	-151.16738848
135	-151.10673917	-151.16305638
136	-151.10673917	-151.15872429
137	-151.10673917	-151.14139592
138	-151.10673917	-151.12190150
139	-150.47372809	-151.05210225
140	-150.47372809	-150.89573548
141	-150.47372809	-150.83243437
142	-150.47372809	-150.64469710
143	-150.47372809	-152.43663849
144	-150.46791524	-150.47747890
145	-150.46791524	-150.47256552
146	-150.46791524	-150.47140295
147	-150.46791524	-150.47333333
148	-150.46791524	-150.48612006
149	-150.30246447	-150.47036463
150	-150.30246447	-150.45126598
151	-150.30246447	-150.43974423
152	-150.22711463	-150.35989753
153	-150.22711463	-150.30916718
154	-150.22711463	-150.27268680
155	-150.22711463	-150.65907343
156	-150.22711463	-150.25382264
157	-150.22711463	-150.23789810
158	-150.22711463	-150.22971342
159	-150.22711463	-150.23092569
160	-150.22711463	-150.22776433
161	-150.22711463	-150.22711463
162	-150.22711463	-150.22962629
163	-150.22711463	-150.22962629
164	-150.22711463	-150.22962629
165	-150.18450501	-150.22569431
166	-150.10915517	-150.21356938
167	-150.10915517	-151.44121796
168	-150.10915517	-150.44879347
169	-150.10915517	-150.15753470
170	-150.10915517	-150.13569210
171	-150.10915517	-150.11166683
172	-150.10915517	-150.10915517
173	-150.10915517	-150.11417849
174	-150.10915517	-150.11166683
175	-150.10915517	-150.10915517
176	-150.10915517	-150.10915517
177	-150.10915517	-150.10915517
178	-150.10915517	-150.10915517
179	-150.10915517	-150.11308715
180	-150.10915517	-150.10915517
181	-150.10915517	-150.11166683
