Generación	Mejor_Fitness	Fitness_Promedio
0	-640756877891.56713867	-21562048494894687518363484160.00000000
1	-640756877891.56713867	-1610499036450690730953801728.00000000
2	-640756877891.56713867	-234673325936306414168309760.00000000
3	-640756877891.56713867	-151577544735797077344256.00000000
4	-413.98475550	-213505726639062188032.00000000
5	-413.98475550	-13386363840057902.00000000
6	-331.35261310	-9025699876596.48632812
7	-331.35261310	-14147897863291.14648438
8	-331.35261310	-5317354594709.24121094
9	-331.35261310	-367.96508689
10	-280.86789832	-341.81381939
11	-239.05659020	-296.44895431
12	-225.96239403	-280.36012297
13	-211.02825593	-247.44824768
14	-199.42307824	-228.34961839
15	-179.59068415	-209.58677313
16	-179.59068415	-199.34823204
17	-176.58472943	-193.89347961
18	-176.58472943	-185.83237606
19	-176.58472943	-210.95963031
20	-176.58472943	-189.64431192
21	-176.58472943	-179.47191989
22	-175.50646638	-180.91972967
23	-175.04529649	-178.23201979
24	-174.70841002	-176.61448129
25	-166.23598862	-175.66943587
26	-166.23598862	-179.55000988
27	-166.23598862	-176.75704240
28	-166.23598862	-174.66926504
29	-165.31383340	-174.17864907
30	-165.31383340	-175.52545783
31	-165.31383340	-170.84299308
32	-165.31383340	-169.10576035
33	-165.31383340	-169.60620339
34	-164.49647615	-167.15828691
35	-164.49647615	-165.64710376
36	-164.75892129	-166.20059022
37	-164.05802323	-165.17518626
38	-164.05802323	-165.00657158
39	-164.05802323	-164.77102112
40	-163.50465917	-164.39522337
41	-162.27934651	-164.06643953
42	-161.02902792	-163.83801782
43	-160.25904030	-166.90482222
44	-160.25904030	-170.41036057
45	-160.16464696	-162.08270765
46	-158.59249460	-160.69384783
47	-158.59249460	-162.07551174
48	-158.59249460	-160.52722121
49	-158.59249460	-159.59137689
50	-157.49163213	-158.85657825
51	-157.49163213	-158.71839995
52	-157.49163213	-158.97962422
53	-156.35321779	-158.90178245
54	-156.35321779	-158.72488372
55	-156.25576471	-162.60247153
56	-155.30626240	-157.13308563
57	-154.41003081	-157.93561392
58	-154.34360964	-156.17057207
59	-154.34360964	-155.28372837
60	-153.69229956	-155.25125397
61	-153.64583573	-154.20993102
62	-153.08036614	-153.93757027
63	-153.04486630	-153.60202098
64	-152.68959465	-153.38611167
65	-151.93662446	-154.00194496
66	-151.93662446	-152.88406624
67	-151.84477416	-152.47008943
68	-151.84477416	-155.78988140
69	-151.84477416	-153.08695851
70	-151.41730022	-152.06086386
71	-151.19386307	-151.79492189
72	-151.04133756	-151.63764145
73	-150.18450501	-154.14335784
74	-150.18450501	-151.15686885
75	-150.18450501	-151.04818697
76	-150.17994942	-151.38111126
77	-150.17994942	-151.28570100
78	-150.17994942	-153.09017505
79	-150.17994942	-150.96088430
80	-150.10958544	-150.31377452
81	-150.10958544	-150.19281645
82	-150.10958544	-150.17271043
83	-150.10958544	-150.15934788
84	-150.10958544	-150.45889374
85	-150.10958544	-151.92100809
86	-150.10958544	-151.43562430
87	-150.10958544	-150.74439297
88	-150.10958544	-151.85046820
89	-150.17994942	-151.96532506
90	-150.17994942	-150.50966451
91	-150.17949318	-151.37842739
92	-150.17949318	-150.23400515
93	-150.17949318	-150.17991901
94	-150.17949318	-150.31656880
95	-150.17949318	-150.19065968
96	-150.14974744	-151.23852864
97	-150.14974744	-150.17390902
98	-150.14974744	-150.17189556
99	-150.14974744	-150.18901382
100	-150.14974744	-150.79268337
101	-150.14543307	-150.61181077
102	-150.14543307	-150.69609040
103	-150.12297572	-150.70751925
104	-150.12297572	-150.16234459
105	-150.12297572	-150.20551465
106	-150.12297572	-150.28857763
107	-150.12297572	-150.61716037
108	-150.10872271	-150.16690610
109	-150.10872271	-150.34286188
110	-150.10872271	-151.50302298
111	-150.10872271	-150.50170790
112	-150.10872271	-150.65699140
113	-150.10872271	-150.28465603
114	-150.11085470	-150.19364117
115	-150.11085470	-217.10158709
116	-150.11085470	-220.01631351
117	-150.11085470	-186.87053776
118	-150.17994942	-150.30173562
119	-150.11048438	-150.27407230
120	-150.11048438	-150.24804155
121	-150.11048438	-150.64755525
122	-150.11048438	-151.40614705
123	-150.11048438	-151.13403622
124	-150.11048438	-150.19212485
125	-150.11048438	-150.21950056
126	-150.11048438	-150.47730518
127	-150.11048438	-150.18899006
128	-150.11048438	-150.16823973
129	-150.10961860	-150.18131753
130	-150.10961860	-150.17688286
131	-150.10961860	-150.16764861
132	-150.10961860	-151.28705295
133	-150.10961860	-150.15937199
134	-150.10961860	-150.16397815
135	-150.10961860	-150.19049592
136	-150.10961860	-150.23279087
137	-150.10961860	-152.53806362
138	-150.10961860	-151.00126015
139	-150.10961860	-150.25348299
140	-150.10961860	-150.23664271
141	-150.10961860	-150.23316160
142	-150.10961860	-150.21147319
143	-150.10878421	-150.16447486
144	-150.10878421	-151.04152566
145	-150.10878421	-150.40079880
146	-150.10878421	-151.23485019
147	-150.10878421	-150.40865904
148	-150.10878421	-150.19289884
149	-150.10878421	-150.17535693
150	-150.10878421	-150.22174411
151	-150.10878421	-150.16873092
152	-150.10878421	-150.21988439
153	-150.17994942	-150.17994942
154	-150.17994942	-150.17994942
155	-150.17994942	-150.40559369
156	-150.11414379	-150.63192002
157	-150.12226578	-150.41806739
158	-150.12226578	-154.05660673
159	-150.11916420	-150.50374572
160	-150.11040612	-150.19878191
161	-150.11040612	-150.23981013
162	-150.11040612	-152.30970195
163	-150.11040612	-150.73463992
164	-150.11040612	-150.39995000
165	-150.11040612	-150.51440817
166	-150.11040612	-150.15334676
167	-150.11040612	-150.16254363
168	-150.11040612	-150.21268848
169	-150.11040612	-151.34765301
170	-150.11040612	-150.22771748
171	-150.11040612	-150.19721309
172	-150.11040612	-150.14331522
173	-150.11040612	-151.31019568
174	-150.11040612	-151.35581289
175	-150.11040612	-150.93904165
