Generación	Mejor_Fitness	Fitness_Promedio
0	-327.47614828	-168383105459210409410346090496.00000000
1	-286.90944228	-15889595915620210554429243392.00000000
2	-262.13245704	-895092634172747233519206400.00000000
3	-224.85920025	-1258108287692567654432768.00000000
4	-205.10987648	-13600853877932410535936.00000000
5	-205.10987648	-491911450270064181248.00000000
6	-181.77978504	-3425718496988949504.00000000
7	-160.82427766	-33815884332484916.00000000
8	-160.75937617	-9340077588307.87890625
9	-160.52221155	-110199127153.52549744
10	-152.50187301	-242497807224535.84375000
11	-150.91290798	-476546699426.46166992
12	-150.91290798	-15987879212.42924309
13	-150.91290798	-194.05934519
14	-150.91290798	-203.23245973
15	-150.91290798	-180.39982183
16	-150.84130997	-195995333656.56927490
17	-150.49657612	-176.71187755
18	-150.49657612	-2414.98241243
19	-150.17994942	-179.56430738
20	-150.17994942	-4489189303434714.00000000
21	-150.17994942	-212.63595334
22	-150.17994942	-155.93751474
23	-150.17994942	-155.30590425
24	-150.14725195	-153.74260343
25	-150.14725195	-154.02850402
26	-150.11034275	-152.23789847
27	-150.17928146	-4059757050.54743052
28	-150.12779139	-153.29396583
29	-150.10865980	-153.84779230
30	-150.10865980	-152.07508853
31	-150.10865980	-152.39376142
32	-150.10865980	-152.92668192
33	-150.10865980	-155.26184459
34	-150.10865980	-157.59419322
35	-150.10865980	-151.98949196
36	-150.10865980	-4059757043.42126417
37	-150.10923314	-153.66590483
38	-150.10923314	-154.46742094
39	-150.10871912	-173.37051499
40	-150.10871912	-152.64800381
41	-150.10871912	-168.20366394
42	-150.10833874	-162.04759280
43	-150.10833874	-158.15517022
44	-150.10833874	-152.21283950
45	-150.10833874	-162.52886945
46	-150.10828629	-154.86039348
47	-150.10828629	-155.25764645
48	-150.10828629	-152.43736668
49	-150.10828629	-151.47836999
50	-150.10828629	-153.08476768
51	-150.10828629	-151.87145770
52	-150.10837052	-151.99838524
53	-150.10837052	-152.13247919
54	-150.10837052	-151.07026259
55	-150.10837052	-151.91877444
56	-150.10837052	-171.66081730
57	-150.10830846	-151.57677489
58	-150.10830846	-154.04509363
59	-150.10830846	-155.68654074
60	-150.10830846	-10638.35186387
61	-150.10828605	-153.97493333
62	-150.10828605	-152.18364280
63	-150.10831122	-151.99168451
64	-150.10831122	-152.85937743
65	-150.10831122	-152.95301790
66	-150.10831122	-152.73853556
67	-150.10831122	-152.64464049
68	-150.10828609	-177.49919778
69	-150.10828609	-4059757043.75359488
70	-150.10828609	-249.84884273
71	-150.10828609	-198.34344866
72	-150.10828609	-158.70046517
73	-150.10828609	-151.57469906
74	-150.11880729	-152.71289123
75	-150.11094500	-124679.82370245
76	-150.10836497	-151.83716042
77	-150.10836497	-180.71784388
78	-150.10836497	-157.12620511
79	-150.10836497	-157.89668719
80	-150.10836497	-153.01929867
81	-150.10831247	-153.40572983
82	-150.10831247	-152.78659272
83	-150.10828687	-437.49734215
84	-150.10828687	-151.77121854
85	-150.10828687	-153.32102358
86	-150.10828687	-154.11872842
87	-150.10828687	-153.39268122
88	-150.10828687	-21122.26629023
89	-150.10828687	-151.54008668
90	-150.10828687	-152.02772887
91	-150.10828687	-151.97826192
92	-150.12348244	-152.60537159
93	-150.11010300	-157.48365005
94	-150.10831910	-157.01527644
95	-150.10831910	-155.69084223
96	-150.10831910	-155.97674748
97	-150.10831910	-154.70726291
98	-150.10831910	-153.72725704
99	-150.10831910	-157.03223586
100	-150.12423837	-155.65530494
101	-150.10835979	-154.58124339
102	-150.10850619	-5356938555.65779591
103	-150.10828647	-158.65172928
104	-150.10828647	-151.92682434
105	-150.10937471	-152.60104114
106	-150.10860461	-151.41710977
107	-150.10830811	-153.94916807
108	-150.10830811	-152.37404445
109	-150.10830811	-179.59524925
110	-150.10830811	-154.11556141
111	-150.10830811	-940579767245.16735840
112	-150.10847867	-10636.88811818
113	-150.10833683	-10736.94322766
114	-150.10833683	-151.30144800
115	-150.10833683	-151.20009330
116	-150.10843806	-159.01285289
117	-150.11338583	-152.73948035
118	-150.11078779	-181.39686983
119	-150.10828672	-151.42957156
120	-150.10828672	-222.66915860
121	-150.10828672	-152.91326095
122	-150.10828672	-152.80855434
123	-150.10828672	-153.44730008
124	-150.10828672	-163.70811686
125	-150.10831154	-151.50245559
126	-150.10831154	-198662349.85419410
127	-150.10831154	-151.66558878
128	-150.10950125	-4059757047.19551039
129	-150.10849623	-156.63813863
130	-150.10830997	-158.51529295
131	-150.10830997	-4059757050.95384121
132	-150.10832410	-151.58582079
133	-150.10832410	-153.28624503
134	-150.10832410	-152.17275395
135	-150.10832410	-152.76958933
136	-150.10847323	-151.90363229
137	-150.10847323	-153.64518595
138	-150.10847323	-164.55338520
139	-150.10829229	-156.16398712
140	-150.10829229	-150.92883165
141	-150.10829229	-156.11007413
142	-150.10873931	-164.72021220
143	-150.10873931	-151.44560554
144	-150.10835047	-151.71372024
145	-150.10829185	-155.54657962
146	-150.10829185	-156.52078237
147	-150.10829185	-181.86962719
148	-150.10832555	-151.64479813
149	-150.10832555	-940579767244.81530762
150	-150.10832555	-156.04095674
151	-150.10832074	-152.30443843
152	-150.10832074	-154.20117626
153	-150.10832074	-154.72619143
154	-150.10832074	-153.67292340
155	-150.10832074	-178.60700057
156	-150.10832074	-152.57985811
157	-150.10832074	-163.27222970
158	-150.10833094	-153.05166883
159	-150.10833094	-153.52983475
160	-150.10833094	-151.50358656
161	-150.10828837	-152.73770639
162	-150.10831152	-152.45925951
163	-150.10829849	-153.98528148
164	-150.10829849	-154.10252074
165	-150.10829849	-10637.67115265
166	-150.10829849	-151.72113638
167	-150.10829849	-169.08744314
168	-150.10829849	-159.98248438
169	-150.10829849	-152.78918766
170	-150.10829849	-152.53294930
171	-150.10829849	-187.86782677
172	-150.10829849	-191.70307680
173	-150.10829849	-183.78770072
174	-150.10829849	-159.98196625
175	-150.10829849	-263.00250523
176	-150.10829849	-151.89906153
177	-150.10829849	-43830587926210.64843750
178	-150.10829849	-153.88939272
