Generación	Mejor_Fitness	Fitness_Promedio
0	-308.10528608	-206141640571999375499131355136.00000000
1	-307.61265290	-16232618709632625582517780480.00000000
2	-238.11267449	-175589767947351807951372288.00000000
3	-211.46695870	-13066588224627384233492480.00000000
4	-184.30634189	-3292415302292277821440.00000000
5	-184.30634189	-144823708860544958464.00000000
6	-174.88719498	-28329660839162136.00000000
7	-165.05293687	-48106261767699160.00000000
8	-165.05293687	-121550384883.33274841
9	-160.75373120	-9838093585158.76171875
10	-155.55669093	-17599036.73927077
11	-155.55669093	-201.54652855
12	-150.53870949	-14124.14354131
13	-150.53870949	-184.74844521
14	-150.53870949	-175.65058850
15	-150.53870949	-193.53525689
16	-150.18450501	-168.27579201
17	-150.18450501	-166.37463433
18	-150.18450501	-159.67350841
19	-150.18450501	-161.06609592
20	-150.17994942	-156.00959002
21	-150.17994942	-156.66703947
22	-150.16126045	-153.02394238
23	-150.13273479	-152.43247722
24	-150.13273479	-156.63394455
25	-150.10881798	-152.04310646
26	-150.10874550	-180.18211708
27	-150.10881798	-210.39362805
28	-150.10881798	-153.82938268
29	-150.10912767	-151.47108700
30	-150.10912767	-151.35479740
31	-150.10912767	-150.99368191
32	-150.10849183	-154.23340746
33	-150.10849183	-151.47963297
34	-150.10828613	-152.53333492
35	-150.10828613	-151.26628240
36	-150.10828613	-152.17715008
37	-150.10828613	-151.40071664
38	-150.10828613	-156.42403524
39	-150.10828613	-150.83398264
40	-150.10828613	-940579767244.20336914
41	-150.10828613	-152.39389713
42	-150.10828613	-150.86046319
43	-150.10828613	-155.40324837
44	-150.10828613	-151.52460667
45	-150.10828613	-150.98873158
46	-150.10828613	-4059757042.81568670
47	-150.11589637	-151.91473002
48	-150.11306316	-151.44657533
49	-150.10828785	-157.44737490
50	-150.10828785	-209.78839476
51	-150.10828785	-900279000064.61584473
52	-150.10828785	-152.08969011
53	-150.10832875	-151.86055368
54	-150.10832875	-155.49646233
55	-150.10832875	-151.29505241
56	-150.10832875	-152.00985610
57	-150.10832875	-154.19349893
58	-150.10832706	-153.72571789
59	-150.10832706	-151.46174725
60	-150.10832706	-151.56133141
61	-150.10832706	-159.59678379
62	-150.10829742	-151.59756519
63	-150.10829290	-151.21687761
64	-150.10829290	-150.99272484
65	-150.10829290	-155.22250803
66	-150.10829290	-151.34619495
67	-150.10829290	-154.59065559
68	-150.10829290	-150.87270736
69	-150.10829290	-151.36771422
70	-150.10829290	-151.04601372
71	-150.10848751	-151.75893267
72	-150.10848751	-10908201.93963441
73	-150.10840048	-150.80423846
74	-150.10840048	-151.53838255
75	-150.10840048	-151.54010842
76	-150.10840048	-152.63382253
77	-150.11166503	-155.98854665
78	-150.10831549	-151.10909503
79	-150.10830899	-151.07465537
80	-150.10879648	-150.66126312
81	-150.10879648	-151.21073049
82	-150.11245186	-150.91514761
83	-150.10853547	-151.02958761
84	-150.11246175	-154.08693512
85	-150.10944830	-151.28290991
86	-150.10832818	-938082.92461957
87	-150.10832818	-153.20562650
88	-150.10832818	-150.72620691
89	-150.10832818	-154.40918217
90	-150.10832818	-173.44019710
91	-150.10832818	-4059757049.67732000
92	-150.10849365	-152.47266491
93	-150.10830783	-151.06231700
94	-150.10829436	-156.54573979
95	-150.10829436	-150.52061354
96	-150.10829436	-155.63078446
97	-150.11834420	-152.17361864
98	-150.11652154	-160.83099425
99	-150.11069619	-150.73179269
100	-150.10839334	-150.85580714
101	-150.10839334	-151.17903595
102	-150.10839334	-151.64808187
103	-150.10828701	-152.58494616
104	-150.10828701	-151.33864337
105	-150.10828701	-151.18289046
106	-150.10828701	-175.60112023
107	-150.10828701	-184.19786994
108	-150.10828701	-180.98427303
109	-150.10828701	-151.94827045
110	-150.10828701	-151.74914974
111	-150.10828701	-151.30019877
112	-150.11003692	-150.68033637
113	-150.10842591	-297.18630507
114	-150.10842591	-150.90203038
115	-150.10842591	-155.29075251
116	-150.10842591	-21121.83325202
117	-150.10842591	-10636.37554731
118	-150.10842591	-11585233.85562579
119	-150.10842591	-152.31511390
120	-150.10842591	-159.47539667
121	-150.10837919	-152.21792007
122	-150.10837919	-151.62779668
123	-150.10837919	-2011079592.25517321
124	-150.10958350	-152.04355233
125	-150.10874612	-150.76901686
126	-150.10874612	-151.24825173
127	-150.10874612	-151.19430620
128	-150.10828605	-150.62236627
129	-150.10858415	-151.33137521
130	-150.10831007	-156.67590443
131	-150.10831007	-151.78880952
132	-150.10831007	-151.28573945
133	-150.10831007	-150.76729003
134	-150.10831007	-152.10237204
135	-150.10831007	-151.73448039
136	-150.10831007	-2914394502825.33496094
137	-150.10831007	-10646.42673945
138	-150.10831007	-153.96734280
139	-150.11162198	-151.60367960
140	-150.11162198	-151.65658850
141	-150.10829362	-151.34752844
142	-150.10829110	-150.78437914
143	-150.10829110	-155.76395216
144	-150.10828839	-150.71347612
145	-150.10828839	-150.87675814
146	-150.10828839	-150.72954711
147	-150.10828839	-151.70360149
148	-150.10828839	-152.85145827
149	-150.10828839	-151.57364589
150	-150.10828839	-152.65007055
151	-150.10828839	-152.19693952
152	-150.10836887	-167.51013794
153	-150.10836887	-153.77290671
154	-150.10836887	-151.22539975
155	-150.10836887	-150.68199047
156	-150.11001961	-150.88848833
157	-150.11001961	-151.56694605
158	-150.10866781	-161.59871426
159	-150.10866781	-156.24320528
160	-150.10951393	-150.68851482
161	-150.10943105	-150.67125836
162	-150.10943105	-153.54639254
163	-150.10943105	-150.67856632
164	-150.10889811	-151.11885426
165	-150.10829185	-152.90738131
166	-150.10848516	-151.01365604
167	-150.11308764	-156.91161652
168	-150.11299430	-151.04574259
169	-150.10848801	-151.16728590
170	-150.10848801	-151.42818009
171	-150.10848801	-150.99450226
172	-150.10829179	-151.07913652
173	-150.10829179	-162.81811112
174	-150.10829179	-155.16173663
175	-150.10829179	-153.07817179
176	-150.10828937	-151.31340605
177	-150.10828937	-157.03165732
178	-150.10828748	-153.86734056
179	-150.10828748	-151.21697664
180	-150.10828748	-151.60019697
181	-150.10828748	-10638.76484723
182	-150.10828748	-150.88119204
183	-150.10828748	-10637.28234676
184	-150.10828748	-31328693220937.41015625
185	-150.10828748	-150.92458702
186	-150.10828748	-150.68100783
187	-150.10828748	-150.46389570
